1  6.974034826
2  5.656422321
3  6.059097064
4  6.044104199
5  5.184584028
6  5.932139984
7  5.077720277
8  4.910466521
9  5.757780247
10 5.762487642
11 5.35670037
12 5.358168232
13 5.452932742
14 5.315050439
15 6.025468283
16 6.990294699
17 5.150374123
18 5.368066989
19 5.668592798
20 5.424788475
21 6.448170284
22 6.052422075
23 5.927474733
24 5.855611351
25 5.484117165
26 5.531382204
27 5.146000294
28 4.899275801
29 5.994545963
30 5.676713916
31 5.732108573
32 5.176469054
33 5.772591684
34 5.524465249
35 5.5619652
36 6.836062099
37 5.659224203
38 5.085608392
39 5.328078343
40 6.75507571
41 5.382154956
42 5.958693931
43 5.755067037
44 5.008804558
45 4.903506457
46 5.849409067
47 5.969701259
48 5.75057218
49 5.767238671
50 5.843749631
51 6.47967195
52 6.842426918
53 7.301714781
54 5.977137932
55 6.105940164
56 5.493316476
57 5.738317759
58 6.219828393
59 6.384625663
60 6.044054499
61 5.844461139
62 5.363025322
63 6.594565884
64 6.722995941
65 6.716272609
66 7.636554731
67 7.049828992
68 6.303005583
69 6.224823066
70 6.971392198
71 6.734697677
72 6.037089896
73 6.10842996
74 6.31899931
75 6.041061998
76 6.407350059
77 6.826144918
78 6.365046445
79 6.61415345
80 5.844855914
81 6.587387974
82 6.698919725
83 6.728216816
84 6.240194454
85 6.271558218
86 6.340956922
87 6.341281159
88 7.290892214
89 6.288542028
90 6.082041472
91 6.093093313
92 5.961893456
93 5.524133087
94 5.872147026
95 6.415821007
96 6.086433231
97 5.936244877
98 5.912696312
99 6.179130423
100 5.39736056
101 5.399362812
102 7.026314075
103 6.125137601
104 6.900219497
105 6.619100759
106 6.818974027
107 6.458321223
108 6.578021058
109 6.952721156
110 6.161936898
111 6.241673584
112 6.021715668
113 6.831403867
114 7.541585998
115 7.08242432
116 6.435055512
117 6.289723885
118 6.250012061
119 6.45776986
120 6.203595856
121 6.652178493
122 6.393130918
123 6.140745156
124 6.886198618
125 6.152148624
126 6.466060516
127 6.193737053
128 6.934042581
129 6.73821458
130 6.992989025
131 6.173757232
132 6.146817556
133 5.973640542
134 6.127682944
135 5.843116194
136 6.472101857
137 6.928757722
138 6.954262286
139 6.840138251
140 6.652117909
141 6.350872012
142 6.660113375
143 6.788663221
144 6.443751191
145 6.151258228
146 6.261715261
147 5.865578629
148 6.481908283
149 6.65674601
150 6.388374367
151 6.221905591
152 6.47959962
153 7.133415794
154 6.987878097
