1  6.7503829783133
2  7.07603594521322
3  6.45883490036011
4  7.15115717557156
5  7.16148725585592
6  6.70284426649879
7  7.21109934466175
8  6.49619266680202
9  7.15727172838831
10 7.40630773092621
11 7.27184378498014
12 7.26785305949408
13 7.25054981553377
14 7.84635664404401
15 7.6827089277473
16 7.46808406082937
17 7.4887363535839
18 7.77477828729308
19 7.518890127883
20 7.28225231385852
21 7.66462559953632
22 7.25518819873328
23 7.29478617236778
24 7.03008123646932
25 6.74696033598932
26 7.03820430224949
27 7.46828850702905
28 7.15515523642546
29 7.28022998028747
30 7.15091819032261
31 7.19933164687784
32 7.38384479967695
33 7.74663164193713
34 7.38292762815095
35 7.50867841906175
36 7.45411281120381
37 7.06290661650994
38 7.0336925173927
39 7.06952625050567
40 6.89877052670421
41 7.11922465765351
42 7.22860501238986
43 7.11437072336554
44 7.15584255593673
45 6.98473459500392
46 7.34462791332532
47 7.27821838214075
48 6.87491206153855
49 7.17726092810806
50 6.76280990500407
51 6.65536746560046
52 6.9122881917132
53 6.62540131074079
54 6.94914367943204
55 6.7254912931002
56 7.1220148361301
57 6.68552361135508
58 7.31354194607849
59 6.44832581700549
60 6.97068461596238
61 6.89453843688511
62 6.36109547419449
63 6.4767477400468
64 6.54426862055987
65 6.78659482500099
66 7.06045913421499
67 7.14188097448586
68 7.07383915876052
69 6.80846310294013
70 7.20039566733203
71 7.3869073749839
72 7.59785674624944
73 7.65914253951589
74 7.79234501507244
75 7.73876061012189
76 7.70170487437968
77 7.59095740304348
78 7.6665157063474
79 7.4904797043594
80 7.54252918586303
81 7.76613784644459
82 7.72352709790861
83 7.50319234837655
84 6.49947163056315
85 6.71105432398224
86 7.20227951176288
87 7.44636331479287
88 7.37153991891209
89 7.2444923207804
90 7.31867881609509
91 7.14082514289129
92 7.47191993778824
93 7.16547916605761
94 7.30103043450856
95 7.25401187991631
96 7.04165627759662
97 6.85546265903978
98 7.03836791581965
99 7.1054246761221
100 7.53806975511916
101 7.67094885993189
102 7.55077565059735
103 7.78612724731551
104 7.96359413484748
105 8.18191582650282
106 7.23560331324774
107 7.07000455967472
108 6.57107611568024
109 6.53306529032682
110 6.78264803582922
111 7.15603872984405
112 6.87006181679258
113 7.28598143366159
114 7.04618419761289
115 7.43454561321765
116 7.19470693168734
117 7.06037583260397
118 7.34025739622292
119 6.83741778892622
120 7.47059604093622
121 6.69438609355638
122 6.62971244884373
123 7.24221299835191
124 6.76973313895397
125 7.10177390342353
126 6.61155141554127
127 6.70956401941014
128 6.63882382494412
129 6.74812319028351
130 6.0907699101289
131 5.88346753259202
132 6.15444506225308
133 7.02188248825856
134 6.76876788410622
135 6.27551409843418
136 6.40367596433685
137 6.54228123746284
138 6.82671664057383
139 6.79154804289041
140 6.79032018773933
141 7.29448148573315
142 6.90921729124728
143 6.49979414958504
144 6.7786544892321
145 6.6638515998534
146 7.00583185855957
147 6.46523008849893
148 6.50418466007421
149 7.12859736894687
150 6.3841962760459
151 7.30663487723436
152 6.32260689958298
153 6.55816084296896
154 6.88876765279612
155 7.10093988957578
156 6.62005477874493
157 6.01895759855299
158 6.97971615470555
159 7.17122917794181
160 7.49498777590514
161 6.80063302355614
162 6.99600719539392
163 6.82192919448629
164 6.73609497645759
165 7.22481588229608
166 6.35063245826577
167 6.794054888204
168 6.8710756759359
169 6.77184055322449
170 6.38158645983288
171 6.34755536443076
172 6.84550196041635
173 6.70553961598728
174 7.42568624380138
175 7.57363974386664
176 7.22466744522219
177 7.281016625143
178 7.29173290737619
179 7.4032428447562
180 7.6346637930885
181 7.35960885344888
182 7.39927537952246
183 7.31072730368675
184 7.23702656898697
185 7.37037314490562
186 7.20382785122061
187 6.89465225265736
188 7.17155620020113
189 6.42629922161032
190 7.03384012428427
191 6.51960645889409
192 6.73276994369523
193 6.79073329061368
194 6.31339566592185
195 5.95176894925205
196 5.98373248239077
197 6.62438869370227
198 6.28883866327149
199 6.44174435412906
200 6.54575776140168
201 6.93811036989457
202 6.77216387087758
203 6.69913934185118
204 6.83454312083051
205 6.4533095021868
206 6.88398698146266
207 6.71978116546514
208 7.2107064176209
209 7.69286112626091
210 7.18559477919585
211 6.8525350422703
212 6.60441792694684
213 6.62806514294784
214 6.78187964403506
215 7.02980129160896
216 7.0014467816822
217 6.71879575572203
218 7.19517162291257
219 7.04207354926026
220 7.08464551492942
221 6.02229193270775
222 6.81429099024538
223 7.49485687731231
224 7.0016248180926
225 7.3150383639571
226 7.2777401456313
227 7.18350740391069
228 7.11647016735064
229 7.49643530580115
230 7.02688983751674
231 6.48875435300832
232 7.29551461668049
233 6.58905220271915
234 6.84943428441667
235 6.64638382217377
236 6.54949438650672
237 7.10414084778332
238 6.30512144143271
239 6.84302836757575
240 6.7027558094337
241 6.65208596468831
242 6.89656655693215
243 7.1100966041092
244 7.22542436685312
245 7.15187332631903
246 7.78325782329845
247 7.10868736686042
248 7.95273571142371
249 7.59927669219769
250 7.17057439225815
251 6.70424440108432
252 7.21366825104562
253 7.25346707139339
254 7.13175268206238
255 7.22726364478809
256 7.44807740586901
257 8.14657618879783
258 7.25660196087234
259 6.97203400701577
260 6.77360507552713
261 6.99225604487589
262 7.14820353892909
263 7.11377673418047
264 7.16603712315011
265 7.09874869042442
266 6.96143369867656
267 7.22488819011603
268 6.6871246406365
269 7.10239458323179
270 6.65670406865907
271 7.04676909567863
272 7.31209019227873
273 6.82957723552066
274 7.19129627319395
275 7.14274125548126
276 8.2087284393626
277 7.10156175925126
278 7.34058124374101
279 7.09492324372708
280 6.7461261891516
281 7.50085816281247
282 7.48982831830818
283 7.25342787503943
284 6.83058626131789
285 6.80227469668178
286 7.16878593617541
287 7.133253694496
288 7.22140407060357
289 7.28728224298867
290 7.02630761481132
291 7.09796998504455
292 6.72330302165699
293 7.14311337223484
294 6.81405624557577
295 7.31200299708709
296 7.38084824487461
297 6.56058556639557
298 6.49554203624366
299 6.55680202087159
300 7.12521329978676
301 7.10004343582123
302 6.8156773577658
303 7.40372993675015
304 6.221323513385
305 6.09747704385457
306 7.03447720937783
307 6.54499566658751
308 6.44323848059588
309 7.56364694614688
310 7.29199387168349
311 7.7349218467952
312 7.56215291050877
313 7.03675834732838
314 6.73696024869733
315 6.84254296497206
316 7.19635555795918
317 6.89250897205937
318 7.26832163103874
319 7.44751439560004
320 7.34877181681569
321 7.55671447090378
322 6.88709997530709
323 7.28304863992494
324 7.48384599610003
325 7.22800096652979
326 7.49522084486228
327 7.65135969687532
328 7.26914040081498
329 6.94439858972211
330 7.31642174914073
331 7.06779886491974
332 7.67457061083085
333 8.09570428157483
334 7.98816919289834
335 7.94401722328697
336 7.85699325305661
337 7.94812886275898
338 7.65205008399035
339 7.28148459810781
340 7.28375045921611
341 7.10631511634879
342 7.0933248977749
343 6.86440806424581
344 7.30558360798045
345 7.25032019007331
346 7.12483512806303
347 7.03624202498578
348 6.60103040131908
349 7.11739677029172
350 6.69401234629638
351 6.99230150881251
352 6.93034667297664
353 6.98581049329385
354 7.80005110641675
355 7.15735172938825
356 7.05670589442233
357 7.06085876211963
358 7.3258545121471
359 7.78432753218614
360 7.52818033745431
361 7.55155208304798
362 7.62245331801022
363 7.07219372095295
364 7.77432767265041
365 7.55656715989888
366 7.48808858070053
367 7.40471255858657
368 7.55417841880417
369 7.30237624424191
370 7.49305706337523
371 7.39897457878169
372 7.40137524501584
373 7.82190256925018
374 7.04308607992669
375 7.28573006971221
376 7.2658941023746
377 7.13559132711309
378 7.01192123751338
379 7.63045139298618
380 7.73689647740036
381 7.7592748997044
382 7.92555548503274
383 7.98130201664536
384 7.18060606604661
385 7.53161904634564
386 7.21808898728596
387 7.30513770199282
388 7.41258360651587
389 6.73264018459085
390 7.19014380333425
391 7.01384158514133
392 7.27619068794055
393 7.07952575849339
394 7.35930725809389
395 7.80454221375021
396 7.7169755254308
397 6.78632377780315
398 6.84094551982462
399 6.63781267161179
400 7.10077795985291
401 7.09208742294018
402 7.3726358509914
403 7.35146809418495
404 7.27386119515382
405 7.07947260520429
406 7.01390956891007
407 7.67406551540319
408 7.27096163850803
409 6.86554818625832
410 7.54379782313589
411 7.28848055855378
412 6.96740276522398
413 7.25287519176262
414 7.26131658078799
415 7.41725196829838
416 7.46094447732293
417 7.25178917882537
418 7.44877843327372
419 7.40162877482626
420 6.59700437664549
421 7.00194255962641
422 7.02027762809776
423 7.15234562004898
424 7.47176033176415
425 7.4064105264702
426 7.59785191030108
427 7.65684102484903
428 7.35635562117214
429 7.38248023233542
430 7.04170845994504
431 7.25650289779667
432 7.3755224740569
433 7.17411227891001
434 6.85984388357417
435 7.04091347845302
436 7.01807959162299
437 6.94572348746017
438 7.29053698603632
439 7.30383850670961
440 6.93570554422444
441 7.00656785920878
442 7.43823567902755
443 7.36749589446732
444 6.85644008459099
445 6.86378015783901
446 6.8079176754746
447 7.00248852688395
448 7.23055112568302
449 7.45643847556129
450 7.14932764886748
451 7.12085644964079
452 6.92394167473365
453 7.7685543256717
454 7.92075676933458
455 7.95589868093288
456 7.86471362609939
457 7.7480981552902
458 8.42772111176909
459 7.93672346019079
460 7.40439533837469
461 7.36469607050885
462 7.26695587002356
463 7.26799092681726
464 7.45040375268075
465 7.75971133470107
466 7.51094154904187
467 7.47823106449965
468 7.59163754897459
469 7.37251391715338
470 6.85001117578958
471 6.88913829982323
472 6.57027147497206
473 6.32300036973072
474 6.64270004253056
475 6.22204906910795
476 6.42527210941226
477 6.63022035888989
478 6.77997916204699
479 7.2382238273005
480 6.62399510403739
481 6.93480955590664
482 7.04682639742459
483 7.26566549567498
484 7.37266023934731
485 7.33675262913537
486 7.29984702892122
487 7.41795316749147
488 7.5431026343692
489 7.0045961052723
490 7.46876664405523
491 7.342286944564
492 7.32582132621862
493 7.25272887999483
494 7.20095484141314
495 7.20421109157638
496 7.35711435929911
497 6.77007967215961
498 7.61897629505691
499 7.21920067510446
500 7.83980164617557
501 7.43767144799355
502 7.73795648850889
503 7.51708229432131
504 7.61999776978005
505 7.05250169188318
506 6.81008542241641
507 6.84456347752461
508 6.38169221638146
509 6.14969475456881
510 6.3347302126087
511 6.40080145018102
512 6.84689229791461
513 6.55900575533629
514 6.33118200974786
515 6.86661596144141
516 6.67111468669747
517 6.35817548492858
518 6.39353095719958
519 6.86733502166973
520 7.12689908782516
521 6.92451129853595
522 6.44063770390709
523 6.78874676976323
524 6.6395258441327
525 6.64111583475917
526 6.83518668811778
527 6.96690042432665
528 7.09125531498018
529 7.10128886023347
530 7.34279502782158
531 7.51077986673349
532 7.67283348843756
533 7.56518632864737
534 7.29930863124903
535 7.16128911220308
536 7.05887367784628
537 7.04585125737468
538 8.04134641004555
539 7.76175295756931
540 7.20470161820591
541 7.29335812775835
542 7.29266513692255
543 7.55253501083129
544 7.46506705470569
545 7.69616016414556
546 7.6586416630611
547 7.95152233579463
548 7.79726419443607
549 8.25623744682827
550 8.08520114598152
551 8.17819492842548
552 8.03893607671457
553 8.03110183339995
554 8.11806209003256
555 8.16382052552015
556 8.0972666310215
557 8.17609265821062
558 7.87862630884889
559 7.98431443964092
560 8.05142925655134
561 8.1118136020219
562 8.05631122048239
563 7.99448942408766
564 7.90915934212303
565 8.53783711504213
566 8.28499881007779
567 8.20511256194663
568 7.57674692577312
569 7.63589178821611
570 7.84659730282197
571 7.79813301391897
572 7.63003029928482
573 7.06105843361314
574 7.48352486623664
575 7.45080687361149
576 7.09246936086294
577 7.4634847135273
578 7.61278405143435
579 7.22201350918433
580 6.95372403414759
581 6.98934937856162
582 7.36809039010648
583 8.16680900327121
584 8.17726695585144
585 8.15418292606605
586 7.72533367538766
587 7.55843234361139
588 7.83634073713518
589 7.53603124968029
590 7.53447833398494
591 7.78098651582578
592 7.40323526811201
593 7.2327726455214
594 6.84569305617792
595 7.50737648368323
596 7.08319338175282
597 7.00286902199723
598 6.80920576296292
599 7.18467339716771
600 6.70161701311231
601 6.9891269878481
602 7.08262383917944
603 7.16885086086426
604 7.19522865725685
605 7.24138585242371
606 7.61279652609474
607 7.86322678669105
608 6.77664388374619
609 6.75273247510344
610 6.76428238458046
611 6.89119169785708
612 6.68172058140856
613 7.36654356071722
614 7.22822380509396
615 7.23190486881432
616 7.11270945210649
617 7.082713536329
618 7.21893459610537
619 7.52971054412578
620 6.92847792995683
621 7.36842974380563
622 7.36181978610235
623 7.62611763096283
624 7.23686742645355
625 7.86049029483017
626 7.61896399072755
627 6.78324705846573
628 6.90809162326805
629 6.68667904484895
630 6.68599665243713
631 6.97251006881942
632 7.45847384072416
633 6.60424362699258
634 6.64837877405393
635 7.10605017477926
636 7.2459593405837
637 6.92998705674472
638 6.84961464452049
639 6.58223748129526
640 7.05060299142975
641 6.77233620672975
642 7.2543071440954
643 6.64309157099271
644 6.61575442916834
645 6.97902031615565
646 7.12519415594413
647 7.5548650550936
648 7.2350051942201
649 7.46210839035395
650 7.46454756439169
651 8.01518253692762
652 7.6472389242818
653 6.95294265380615
654 7.51920166359235
655 7.49705855843327
656 7.39454035910421
657 7.59732853584775
658 7.71262758686116
659 6.72647363618759
660 7.35159607167559
661 6.94578131003083
662 7.01904566195293
663 7.3212353637093
664 7.2060546829596
665 7.21041540566586
666 7.67055292513625
667 7.772464315623
668 8.07631460807227
669 7.392766874596
670 7.47597659802474
671 7.35810995148715
672 7.57021270341291
673 7.57607872404632
674 7.4559286956584
675 7.30004875619017
676 7.18923614686685
677 6.96148947191315
678 7.21588811162459
679 7.3154124316087
680 7.42821858348629
681 7.55998497880582
682 7.03320209080431
683 7.07663557903125
684 6.49411537556812
685 7.30615533667324
686 7.08064573182356
687 6.96918036686592
688 7.09483089568728
689 7.2961998590928
690 7.24946157938275
691 6.94439859170477
692 6.96663870353496
693 7.03763703250255
694 7.65694815467405
695 7.38956044087349
696 6.97609094701949
697 7.12333837694128
698 7.10042858731654
699 7.21710229773966
700 7.38705417320275
701 6.64626871897656
702 6.53931064128637
703 6.605604460118
704 6.77085836310164
705 6.89941426839654
706 7.34235084877541
707 6.87941425248193
708 7.14192703063576
709 7.0120764185562
710 7.15957697069805
711 7.34850842234948
712 7.36777543973212
713 7.3859677420593
714 7.39653749862627
715 7.56442516327203
716 7.44721549888366
717 6.96850175333142
718 7.04725018080785
719 7.60447828819974
720 6.69882067055852
721 6.77231466903373
722 6.6971725983536
723 6.67480906894743
724 6.91632866369711
725 6.88377031885138
726 7.05551686180375
727 7.20952546226761
728 7.29298085764585
729 7.7336843232936
730 7.80759414102358
731 7.32058847130671
732 7.34253380001009
733 7.40756716911535
734 7.40397201820635
735 7.30027278920229
736 7.31448439022328
737 7.07725575866509
738 7.17530368731227
739 7.03445363740473
740 7.3802895799839
741 7.5632153541913
742 7.28549842396106
743 7.20969493745581
744 8.11301755342297
745 7.62805125782304
746 7.620732063162
747 7.25358107170689
748 7.20045201488866
749 6.63098110815304
750 6.97896673998833
751 7.27200429223464
752 7.24607170108979
753 7.22839368826264
754 7.41227949678261
755 7.25552167961279
756 7.58057181428031
757 7.62837194433037
758 7.11466006303817
759 7.1159523677767
760 6.97783347834994
761 6.88479434469839
762 6.19756384455704
763 6.33827892715997
764 6.96048441543037
765 6.83571761134546
766 6.47666274094343
767 6.62708879287658
768 6.52672897917324
769 6.61094320638416
770 6.53360626765039
771 6.72934797679652
772 6.47808416580456
773 6.58924909573666
774 6.37840190714434
775 6.51603011211216
776 6.60989632757343
777 6.68329600661782
778 6.67845899234904
779 7.213011797033
780 7.5083056989928
781 7.48009524641771
782 7.15838597722164
783 7.64152643560278
784 7.23030692604964
785 7.3120746179699
786 7.48002540423534
787 7.66330678349185
788 7.95694508485483
789 7.35606583154193
790 7.47929880099405
791 7.42071034134961
792 7.50304180685935
793 7.42334648306787
794 7.46078964130039
795 7.26667252746578
796 7.24629272328038
797 7.1582618161059
798 7.36082709303746
799 7.38369426627419
800 7.75557439484853
801 7.20304436936974
802 7.22244994462829
803 7.12901497364832
804 6.93669563577475
805 6.94214499692095
806 6.83112281985201
807 7.08370428741821
808 6.93753619252668
809 7.11706049412211
810 6.81048019327745
811 7.31615652936998
812 7.51095337500648
813 7.35215305438217
814 7.07381224191381
815 6.9985178615157
816 7.0161225685528
817 7.18197307066164
818 6.92010965490675
819 6.55875948981146
820 7.099805092349
821 7.04453998560205
822 6.96852919018059
823 7.45735589981015
824 7.27529359681953
825 7.06866069296326
826 6.43636924295455
827 6.28084634194605
828 7.2262672245082
829 7.04901534430526
830 7.07493088301409
831 7.20914294629973
832 7.08436703863273
833 7.34534679187547
834 7.67987178410069
835 7.37784965163351
836 7.59727679939708
837 7.67557635145905
838 7.83515412384917
839 7.6871991697203
840 7.96702362916133
841 7.90106580174897
842 7.64338854458485
843 7.62573018123204
844 7.36702959244657
845 7.39869651402138
846 7.32988743929403
847 7.39803001156885
848 7.49022340422296
849 7.36891913708303
850 8.2774883077354
851 8.46726560098829
852 8.21942584921061
853 7.84022539516918
854 7.82180706694327
855 7.73046017134782
856 7.41863861526625
857 7.65791808311704
858 7.76517188333167
859 7.63970910589786
860 7.54094229521705
861 7.9770333323682
862 7.89119162418835
863 7.61504161133495
864 7.85838178911555
865 6.64443746971181
866 6.67663786825132
867 6.9086666253373
868 6.93185680962235
869 6.77660122885333
870 6.81264505006377
871 6.593200920112
872 6.99263261368729
873 7.04592590404359
874 6.84171742951958
875 7.05352975624058
876 7.4510467552773
877 7.56649652681612
878 7.12769910595851
879 6.95887428137704
880 7.77085875945366
881 7.75872204758404
882 8.02759879259277
883 7.85400933325929
884 7.55849596983555
885 7.57092603847495
886 7.49586421015197
887 7.5167750720308
888 7.41433734341806
889 7.12266989274693
890 7.23525049031855
891 7.53126359976875
892 7.95684678393758
893 8.11884016530411
894 7.94439076569349
895 7.94621599714641
896 7.89976690825238
897 7.90877164926054
898 7.68025532808104
899 7.650661068625
900 7.77720723578955
901 7.8402753300978
902 7.6867677559589
903 7.43458789878436
904 7.73228328527171
905 7.49440659126116
906 7.6632345611054
907 7.34259186085917
908 7.5509680934928
909 6.79777810874059
910 6.61870781243578
911 6.81181974538429
912 7.2867940705428
913 7.03128239158393
914 7.55795662360385
915 7.19854405908479
916 7.27459835425679
917 7.41509732367112
918 7.1280890547406
919 7.62152933235871
920 7.53617638216604
921 7.39647338283283
922 7.19523273105136
923 7.46816019286779
924 7.56913101828438
925 7.29589615511293
926 7.71982540211751
927 7.75244000997376
928 7.67634800302198
929 7.35340365017158
930 7.66320538949236
931 7.13619827209125
932 7.63776928920305
933 7.65806008734367
934 7.41589521886734
935 7.7972968554082
936 7.68695326278839
937 7.47688362269053
938 7.67409261297842
939 7.63085262787605
940 7.36543490446231
941 7.47921610482052
942 7.20391171682439
943 7.40236318445422
944 7.53953793453901
945 7.44308530854835
946 7.61034532429149
947 7.84783675048326
948 6.9661768682024
949 7.37187930840607
950 7.43121722300388
951 7.19996876429416
952 7.35230921858619
953 7.05897955874791
954 7.21879184204869
955 7.32755572776917
956 7.0497330652328
957 7.13088925797255
958 7.29854155675213
959 6.74144598115612
960 7.48254111964767
961 7.07458698747048
962 6.40450453184876
963 7.1631831314208
964 7.02087406215451
965 7.6066147394956
966 7.1528892437654
967 7.40358109269521
968 7.61958179128558
969 7.36408862993447
970 7.47572442468028
971 6.90590280929395
972 6.81469173571908
973 7.0471414078117
974 7.6463170733874
975 7.68496116424602
976 7.54857182832575
977 7.38902851268457
978 7.60133469373505
979 7.47936876299552
980 7.36910491588377
981 7.57937245983567
982 7.6626799540627
983 7.47404099018403
984 7.45380717589713
985 7.3073657943963
986 7.10778683758867
987 7.39332008707951
988 7.55754238033164
989 7.10145059626111
990 7.36320633221458
991 7.3024908578831
992 7.50101954163153
993 7.35897748638418
994 6.61620179925802
995 6.12987425301312
996 6.75236056950908
997 7.40662105034814
998 6.58426659035686
999 6.6516598144749
1000 6.67606047809314
1001 6.9926585737677
1002 6.67817828822356
1003 7.35531370899673
1004 7.82994067412141
1005 7.77154913149065
1006 7.87387798060976
1007 7.21192336002917
1008 6.93476507956947
1009 6.79806241158869
1010 7.58616971565314
1011 7.57316329029678
1012 7.5680518140183
1013 6.62549188080641
1014 6.66781337828589
1015 6.77946037307798
1016 6.76018225134964
1017 6.4341489187799
1018 6.64585123861133
1019 6.39601914329087
1020 6.90864301471127
1021 6.91144429145108
1022 7.29137055149054
1023 7.44384043006047
1024 7.42755046454348
1025 6.96616996333314
1026 6.92080680980718
1027 6.94305511637144
1028 7.0839147884298
1029 7.36739444955245
1030 7.12989158714656
1031 7.15344563255116
1032 7.59411310501601
1033 7.15273206659349
1034 6.85867104192125
1035 6.84065110268226
1036 6.35165333780561
1037 6.24086638144721
1038 6.59685932731913
1039 6.45330949912131
1040 6.54149472400278
1041 6.80950248070576
1042 6.94173665570243
1043 6.77775139453253
1044 6.54624696807122
1045 6.26016353096141
1046 6.84421672636862
1047 7.0473646466626
1048 6.60248088190117
1049 6.49256112313604
1050 6.45814805377019
1051 6.82060119034694
1052 7.03240324366522
1053 6.574110032573
1054 6.37152926423275
1055 6.2514072934332
1056 6.64359857872769
1057 6.27931038594192
1058 6.09329081297678
1059 6.554888968616
1060 6.76712529920794
1061 6.86004639605528
1062 6.3987728558001
1063 6.60433869982515
1064 6.79208349199292
1065 6.46797023777564